N:
	BCA:0.5541732966874005
	BCL:0.5196097560975611
	GHS:0.5394234355784289

W:
	BCA:0.5929888779388992
	BCL:0.35710387484082223
	GHS:0.4903678931046737
	
F0:
	BCA:0.5709442141556953
	BCL:0.38327850037513894
	GHS:0.49017346764841857